$ANSIBLE_VAULT;1.1;AES256
39306464386239386435386633643731613338313130343462623931363930396130393535396633
3133643332646565393332336139316532643539643062660a323135663837633231386665393939
36633431373263343737343435346533633739346531386462643532613932656234306533616232
3465393635353032630a613930613130613864353639643661383531376234336565353139613561
62356531313630656363376263323238653835653937363364633966336461373236363234316533
36353265323838373536643839633166326432613932616539363832366162613961613931643831
39656164643062313431333966323539643139643132336363336566353435623334353737363035
62633163663631323138363532356338336136353165373235363738356361343733353035356464
30623933343138666336363462353765343933393262643737306332346239343439343034373632
31356439346566313131633933363834633062323533313737313136623835623437313265346639
33646333306133663862373439333738303962623963373937663939656562373933326366323363
63656364373636373838343137363432663034396233353938333665656231346232643735323461
39646334656134393139376165383665363763303061353464393035363035383463313638396162
36626131303162643930303734646531393837313830613539613836353636656138353634386138
37623834613839666635376530656631663064323761303538326465653838393133336637626561
31333163656133633634356638346165613664666132383165323766383262336262306233316536
34316331666133353438663266376464373661306461323331373264343539336131663263633766
64626161356163366334613264316132626562323835323563653739346166323336313566353733
37623863653038666235303830643538373364303435666531366166656663373163393139306165
33353830343832303235363933623137303763663334386639313430616334663064653532663764
31646538373639393265613538356537316231313139626166636531663564343566373266666432
62353239333337303066333136656364306264336336343964393537393130663631613162313564
63656333366261613135316536373065366561316264613039656535656337343435383935623336
38643133376536306263643961613330373536353135353037343539613363613462306133363766
34373962356562376162336532616165373162363031663963356662656536363339303162353766
34306265623731623366636564343738376430613865333537653336313235326432323632643831
39363561333964383331623038666364623933303735383562366639373762346362666561363938
36663936616366343336313935643762646166653764656636613931613161643532323430396532
30393831353339616164383262376632373836323639666462396161656335663135666332643536
39306537323365306164616435373039313765633930373135383130663137646437346165396139
31333737646162323662663665313461643636383030623762373137356261353336643835343561
31333433393237646462343462316136343066313338313033313039303863303938356634643236
39326461333030363538303665653333653533336262653739323261623632373335646563646234
38623661353930333364323233356136373862386330396264623037613466336365396235386432
34623533336439666238346464316466353238306164653839346531303864653165396531646239
65643937383965616334623339363363333735386333336264626630323263383435353265393431
66343830653965653439336539353037616161326437636663646432656263616531313533343765
31623531636638653536343065643932326534383231666331653166303964396163343164623463
31356263393964653631323237333939333135326338643165663037656437633164303436363966
62323136663930343832353461336536366539366632363539393166396430383035303664343731
63346164323131383439363637336265643938313834613532383262386631333839343437666133
38313639373165326562353733383731316332353331623838373130306638353530316535313030
37613630353030333137363131333633373832376630323130623230346236363035363837653961
31646631663366613963363931306336303238333136313132333532656263636261313239383263
32393462633263636539356562643130653063323665336531383432336230393539653165646361
65386535643933316334613464353032303965653036366139623237383761393665626136633038
65656565343366303433643664623738306362643534653837373538306666633534633935393834
38636361353662313436393439653332333134353834316438623665306462326432656339636131
30383035396236383862313666326330396330616439303730633339363235346663383762666138
66646339623333333636323035376237663136613536313531343633326437316466346462613637
36666463663633303732306563373561343762663038366331316261336164643637333461353165
63366330636531323332303138336464323737663665346366353634313030346636396163326431
64393833343937636464353634326333373362303761393065373632333530363963663333613435
36663130663139663039336536363732386331343333643662386362656434613864636437393633
63323235616465623965303663633164326539653130393162373534643435393064396364666466
30363362633431396332393134613138306531656164326363373062343166396139333831366433
36386564663431333439323230323062653335613963376261623765666335663837303366333162
32313065343331656333623066313135656238613931303664353030353335363239646165336661
31343463326663303736373237323364333338316631333065346166663538633738616566303362
61356530656533376137613435303262393061396430356564613962346666313362623562653261
65636366376535363733663333643265316163303763303162376465653864663765666537666430
30316430343536613434313264636466616631666665656536323062323966306561623762393765
64353636626633373732383861363464656561383834313136633864666361386161653361386537
65376534653666623762656132366562623338303234646466663136303361616136346239383732
33306165623630636531336266326464623337306561363937356361363566313833613262316239
30323638333062313764396231613231643266623837323731333036353938343331316132613034
65613163613839656564326534636661633866323831333738333138323238363432313531376366
39663664643036363463663464323266326234306434643837373562646466343639643132653862
33316439323737656265663438633263366238313565613531323739336464306639633462396566
30323838356336386264363636353134353236313930313034646365326137363539386366303630
66333434356435376331313236343635323232393163656637353766373462373461353234643933
38663164343766383866333065383534323331383530366132346434356439366462343262363831
63633861636266326434326630333832373637666430666566306338303339313563343539313131
66666139346633313233616664306232316238663638656261313861613461636566383934633863
38666639616365656363336436386265326334626636323163633337623662633962383134343139
32346662613734626330663263336239663037623331393733393262336264623462663531393063
37663835333634346433353863653436636566313836313539303561316331373066613338363163
30333930306134383239313761323738366435323137653064303336616664346631636464303963
66336339643061613533383836633233646166323265366335613232313361326130613364613337
38653166633538313435356139386338306166393730356531313037653837623435626531663065
64346238353466313932613931333163306463326163366662353633366164373936656266653664
33656630373161623137616232653832656666366139396332333562313536356562663537653464
32653138653836643435666539336265623562613131613036323164393531613661666638663933
65653364326530386431366465666635333539643063363731663134323032646235363436373139
61383061306263363037356433643938383138353962663633316334626234303631323734383830
61316163626263623335366436356361623361313530353261626433353337366330626230383632
32333537313836633435373937613061666263303538646639376362333033666365633462623339
34326632326165353832346561356330323264353661336466653566343536643263373663653661
61316536643766623938333736663263656234643535656538376339666433653534343664363534
64633635643133643861333437343138363632343933656161353161666530313166313333383063
64643036646436356662656665356566336237343631363837323363383466383063353565356137
64323933346137613639366366363066323733323730336537343535333732373233636139323564
63386339396431623036663564343832666139306661353539356539343966366466343035643038
63313964663834663666663865646239373831616634663966363030343663616533663766656430
303061353234393835633739663965653939
